<?xml version="1.0" encoding="UTF-8"?>
<document version="2.0.0">
  <chunk label="Chunk 1" enabled="true">
    <sensors next_id="95">
      <sensor id="0" label="unknown" type="frame">
        <resolution width="1920" height="1200"/>
        <property name="layer_index" value="0"/>
        <bands>
          <band label="Red"/>
          <band label="Green"/>
          <band label="Blue"/>
        </bands>
        <data_type>uint8</data_type>
        <calibration type="frame" class="initial">
          <resolution width="1920" height="1200"/>
          <f>2616.51559</f>
        </calibration>
        <covariance>
          <params>f cx cy k1 k2 k3 p1 p2</params>
          <coeffs>-112759498398.73386 969939500222.28491 764353727026.10181 108497.01903409729 -184149.01204520743 523990.84058157401 130965.86731031787 57651.644783633994 969939500222.28491 3759842701683.8838 1475546299840.4561 157435.86552175673 -743969.56044399098 2430536.8097724137 361686.68731311429 103135.63545006602 764353727026.10181 1475546299840.4561 173528117444.1745 -7616.581529304447 -283466.46783059952 1021550.6404149357 100755.86228022845 8090.2998336624987 108497.01903409729 157435.86552175673 -7616.581529304447 8.5830101528101288 -0.90487796432530465 2.2826518994967353 8.162188426973481 2.2939696701370096 -184149.01204520743 -743969.56044399098 -283466.46783059952 -0.90487796432530465 16.301427298654929 -40.587181027051692 -0.84401850045450399 -0.011402555187630696 523990.84058157401 2430536.8097724137 1021550.6404149357 2.2826518994967353 -40.587181027051692 102.02866269290293 2.1845947507843988 0.053047533430717012 130965.86731031787 361686.68731311429 100755.86228022845 8.162188426973481 -0.84401850045450399 2.1845947507843988 8.6334735764600818 2.2897179024528422 57651.644783633994 103135.63545006602 8090.2998336624987 2.2939696701370096 -0.011402555187630696 0.053047533430717012 2.2897179024528422 0.6310448504763787</coeffs>
        </covariance>
        <black_level>0 0 0</black_level>
        <sensitivity>1 1 1</sensitivity>
      </sensor>
      <sensor id="1" label="unknown" type="frame">
        <resolution width="1920" height="1200"/>
        <property name="layer_index" value="0"/>
        <bands>
          <band label="Red"/>
          <band label="Green"/>
          <band label="Blue"/>
        </bands>
      </sensor>
      <sensor id="2" label="unknown" type="frame">
        <resolution width="1920" height="1200"/>
        <property name="layer_index" value="0"/>
        <bands>
          <band label="Red"/>
          <band label="Green"/>
          <band label="Blue"/>
        </bands>
        <black_level>0 0 0</black_level>
        <sensitivity>1 1 1</sensitivity>
      </sensor>
      <sensor id="3" label="unknown" type="frame">
        <resolution width="1920" height="1200"/>
        <property name="layer_index" value="0"/>
        <bands>
          <band label="Red"/>
          <band label="Green"/>
          <band label="Blue"/>
        </bands>
        <covariance>
          <params>f cx cy k1 k2 k3 p1 p2</params>
          <coeffs>9306357212939.3809 991101406283.96863 -989482905574.99255 -167158.82377290589 6269582.8498175275 -21665402.00840915 196629.05938605775 114678.52275448093 991101406283.96863 -59105875607.235527 -338786743139.98785 -173934.25490259877 2036893.2189768269 -7478924.0147292661 60263.416173404876 15034.661857449761 -989482905574.99255 -338786743139.98785 -224688246558.09348 5909.594007268629 847341.69343484764 -4723157.3346402971 -6087.4253324584033 -9765.6468010051522 -167158.82377290589 -173934.25490259877 5909.594007268629 61.555863569945316 -213.74301845657362 566.85891883740089 -8.472769682292256 -0.67347196044813606 6269582.8498175275 2036893.2189768269 847341.69343484764 -213.74301845657362 1910.4333219351413 -8218.2745546865754 14.875255779986684 -1.8026189950665286 -21665402.00840915 -7478924.0147292661 -4723157.3346402971 566.85891883740089 -8218.2745546865754 39221.38706601895 1.8501880886981441 18.656909927905357 196629.05938605775 60263.416173404876 -6087.4253324584033 -8.472769682292256 14.875255779986684 1.8501880886981441 1.7744961307312219 0.14003185114265701 114678.52275448093 15034.661857449761 -9765.6468010051522 -0.67347196044813606 -1.8026189950665286 18.656909927905357 0.14003185114265701 0.14447950561229092</coeffs>
        </covariance>
      </sensor>
      <sensor id="4" label="unknown" type="frame">
        <resolution width="1920" height="1200"/>
        <property name="layer_index" value="0"/>
        <bands>
          <band label="Red"/>
          <band label="Green"/>
          <band label="Blue"/>
        </bands>
      </sensor>
      <sensor id="5" label="unknown" type="frame">
        <resolution width="1920" height="1200"/>
        <property name="layer_index" value="0"/>
        <bands>
          <band label="Red"/>
          <band label="Green"/>
          <band label="Blue"/>
        </bands>
      </sensor>
      <sensor id="6" label="unknown" type="frame">
        <resolution width="1920" height="1200"/>
        <property name="layer_index" value="0"/>
        <bands>
          <band label="Red"/>
          <band label="Green"/>
          <band label="Blue"/>
        </bands>
        <black_level>0 0 0</black_level>
        <sensitivity>1 1 1</sensitivity>
      </sensor>
      <sensor id="7" label="unknown" type="frame">
        <resolution width="1920" height="1200"/>
        <property name="layer_index" value="0"/>
        <bands>
          <band label="Red"/>
          <band label="Green"/>
          <band label="Blue"/>
        </bands>
        <covariance>
          <params>f cx cy k1 k2 k3 p1 p2</params>
          <coeffs>45783995163218.117 -5922706471190.0293 921727573726.34387 -1968367.5865837354 138578271.33206558 -3528925076.9376841 997147.04974970955 25215.948417454951 -5922706471190.0293 696309364484.3075 302408096736.72113 124632.3682998563 -18351231.650369596 502259868.44754905 -27930.932486742968 -35259.583458150788 921727573726.34387 302408096736.72113 -2476784993748.3657 -215488.73257415948 8708208.4561344571 -402482769.16128665 -9489.0490082369688 80595.857541963793 -1968367.5865837354 124632.3682998563 -215488.73257415948 78.10957444619801 -835.92830159239577 10240.378370045968 -13.838936304145504 5.83908509060032 138578271.33206558 -18351231.650369596 8708208.4561344571 -835.92830159239577 21737.110030099855 -306724.95034090657 53.921555392212888 -34.813169565183415 -3528925076.9376841 502259868.44754905 -402482769.16128665 10240.378370045968 -306724.95034090657 4494013.4913328467 -838.27479188526456 391.23283764270917 997147.04974970955 -27930.932486742968 -9489.0490082369688 -13.838936304145504 53.921555392212888 -838.27479188526456 6.9147861294542921 -1.4957881257070103 25215.948417454951 -35259.583458150788 80595.857541963793 5.83908509060032 -34.813169565183415 391.23283764270917 -1.4957881257070103 0.52230681530946355</coeffs>
        </covariance>
        <black_level>0 0 0</black_level>
        <sensitivity>1 1 1</sensitivity>
      </sensor>
      <sensor id="8" label="Canon EOS 200D II, EF-S18-55mm f/4-5.6 IS STM (18mm)" type="frame">
        <resolution width="6000" height="4000"/>
        <property name="pixel_width" value="0.0037211000000000002"/>
        <property name="pixel_height" value="0.0037211000000000002"/>
        <property name="focal_length" value="18"/>
        <property name="layer_index" value="0"/>
        <bands>
          <band label="Red"/>
          <band label="Green"/>
          <band label="Blue"/>
        </bands>
        <data_type>uint8</data_type>
        <calibration type="frame" class="adjusted">
          <resolution width="6000" height="4000"/>
          <f>4890.0369037755472</f>
          <cx>-15.072642498566923</cx>
          <cy>21.98235117598378</cy>
          <k1>-0.1775873500599815</k1>
          <k2>0.15999989043237386</k2>
          <k3>-0.013164549564477355</k3>
          <p1>-0.00064292207428325813</p1>
          <p2>0.00024431524549001362</p2>
        </calibration>
        <covariance>
          <params>f cx cy k1 k2 k3 p1 p2</params>
          <coeffs>1.3663362147257547 -0.34247501916238571 0.052597836966641158 -0.0003910738616194845 0.0017971106943851893 -0.0019413636937109426 1.0155868744127272e-05 7.5470107596204333e-07 -0.34247501916238571 1.4804445598844409 -0.014075010527190021 -6.1889001071392937e-05 1.5353293785691138e-05 0.00021396615818247209 4.5587465101975578e-05 3.9822481563868595e-07 0.052597836966641158 -0.014075010527190021 1.3790767619161517 3.4801180562555787e-05 -0.00025627109999468015 0.00041612834795757067 2.8601664570856701e-06 4.1047981498064425e-05 -0.0003910738616194845 -6.1889001071392937e-05 3.4801180562555787e-05 1.1443993409943294e-06 -4.3271752200291034e-06 4.9812304640391679e-06 -5.5321036809352135e-09 -1.1512310783215651e-09 0.0017971106943851893 1.5353293785691138e-05 -0.00025627109999468015 -4.3271752200291034e-06 1.7597383703861772e-05 -2.0961589514365988e-05 3.753614257821429e-09 8.017361799345269e-10 -0.0019413636937109426 0.00021396615818247209 0.00041612834795757067 4.9812304640391679e-06 -2.0961589514365988e-05 2.5708185421460157e-05 8.2623436234204512e-09 1.9696506021346478e-09 1.0155868744127272e-05 4.5587465101975578e-05 2.8601664570856701e-06 -5.5321036809352135e-09 3.753614257821429e-09 8.2623436234204512e-09 3.5490785108063159e-09 5.4113249480941383e-11 7.5470107596204333e-07 3.9822481563868595e-07 4.1047981498064425e-05 -1.1512310783215651e-09 8.017361799345269e-10 1.9696506021346478e-09 5.4113249480941383e-11 2.4278314397004722e-09</coeffs>
        </covariance>
        <meta>
          <property name="Exif/BodySerialNumber" value="198073016726"/>
          <property name="Exif/LensModel" value="EF-S18-55mm f/4-5.6 IS STM"/>
          <property name="Exif/LensSerialNumber" value="00000bd775"/>
          <property name="Exif/Make" value="Canon"/>
          <property name="Exif/Model" value="Canon EOS 200D II"/>
        </meta>
      </sensor>
      <sensor id="9" label="Canon EOS 200D II, EF-S18-55mm f/4-5.6 IS STM (26mm)" type="frame">
        <resolution width="6000" height="4000"/>
        <property name="pixel_width" value="0.0037211000000000002"/>
        <property name="pixel_height" value="0.0037211000000000002"/>
        <property name="focal_length" value="26"/>
        <property name="layer_index" value="0"/>
        <bands>
          <band label="Red"/>
          <band label="Green"/>
          <band label="Blue"/>
        </bands>
        <data_type>uint8</data_type>
        <calibration type="frame" class="adjusted">
          <resolution width="6000" height="4000"/>
          <f>6842.5182289061395</f>
          <cx>11.342804598064745</cx>
          <cy>-32.034509985224062</cy>
          <k1>-0.074033355033011589</k1>
          <k2>0.2068560384014119</k2>
          <k3>0.11195273855574726</k3>
          <p1>-0.00030328399732304658</p1>
          <p2>-0.00096800190225905481</p2>
        </calibration>
        <covariance>
          <params>f cx cy k1 k2 k3 p1 p2</params>
          <coeffs>6.4440228539696189 1.0737788517982989 1.19484776857925 -0.012096063380459061 0.074487304055409445 -0.14472350350629976 0.00014807807200846077 -5.2760050217275226e-05 1.0737788517982989 40.991682548856375 5.7679997579061837 -0.0069447110580323733 0.046471306736552205 -0.072395748079172137 0.0021659881844782124 0.00024587702917538116 1.19484776857925 5.7679997579061837 19.204382687503088 0.00097605698453464586 -0.021999016208894141 0.071104369788506691 0.00050868096350478904 0.00069757461291353607 -0.012096063380459061 -0.0069447110580323733 0.00097605698453464586 5.3196002011973457e-05 -0.00039118001789537537 0.00084429976458449464 -4.0447632495436884e-07 2.2664812189591527e-09 0.074487304055409445 0.046471306736552205 -0.021999016208894141 -0.00039118001789537537 0.0030711141757304565 -0.0069153212647098039 2.3040683739184247e-06 3.9447753179439332e-08 -0.14472350350629976 -0.072395748079172137 0.071104369788506691 0.00084429976458449464 -0.0069153212647098039 0.01605294754813855 -3.1361939735421885e-06 -1.1990798854315466e-07 0.00014807807200846077 0.0021659881844782124 0.00050868096350478904 -4.0447632495436884e-07 2.3040683739184247e-06 -3.1361939735421885e-06 1.3174266651098752e-07 1.5180433305029055e-08 -5.2760050217275226e-05 0.00024587702917538116 0.00069757461291353607 2.2664812189591527e-09 3.9447753179439332e-08 -1.1990798854315466e-07 1.5180433305029055e-08 4.8718337628905173e-08</coeffs>
        </covariance>
        <meta>
          <property name="Exif/BodySerialNumber" value="198073016886"/>
          <property name="Exif/LensModel" value="EF-S18-55mm f/4-5.6 IS STM"/>
          <property name="Exif/LensSerialNumber" value="00000cc0fb"/>
          <property name="Exif/Make" value="Canon"/>
          <property name="Exif/Model" value="Canon EOS 200D II"/>
        </meta>
      </sensor>
      <sensor id="10" label="Canon EOS 200D II, EF-S18-55mm f/4-5.6 IS STM (26mm)" type="frame">
        <resolution width="6000" height="4000"/>
        <property name="pixel_width" value="0.0037211000000000002"/>
        <property name="pixel_height" value="0.0037211000000000002"/>
        <property name="focal_length" value="26"/>
        <property name="layer_index" value="0"/>
        <bands>
          <band label="Red"/>
          <band label="Green"/>
          <band label="Blue"/>
        </bands>
        <data_type>uint8</data_type>
        <calibration type="frame" class="adjusted">
          <resolution width="6000" height="4000"/>
          <f>6806.3306057323052</f>
          <cx>-24.312076132066714</cx>
          <cy>19.458268336774154</cy>
          <k1>-0.044906814220910647</k1>
          <k2>0.03695482886577954</k2>
          <k3>0.41178572908769157</k3>
          <p1>-0.0010374497525921047</p1>
          <p2>0.00019837324418486328</p2>
        </calibration>
        <covariance>
          <params>f cx cy k1 k2 k3 p1 p2</params>
          <coeffs>8.5287568328884031 -2.5014270705860171 1.3150413841731541 -0.015013999112047099 0.088828443549999636 -0.17106480318247588 -0.0001547448753778336 8.5861406694704155e-05 -2.5014270705860171 33.318014954758695 1.4685684851635019 0.0048321844768330494 -0.037314468288306542 0.094250866182209639 0.0019921128649130772 6.2877412078788926e-05 1.3150413841731541 1.4685684851635019 18.606471186500858 -0.00129634216891666 -0.00050113494453518453 0.0093475618857367035 0.00016700675323225216 0.0009814146971119399 -0.015013999112047099 0.0048321844768330494 -0.00129634216891666 5.674162962861333e-05 -0.00043182153324030704 0.00096998912771289537 3.7636805229794374e-07 -5.653318215692258e-08 0.088828443549999636 -0.037314468288306542 -0.00050113494453518453 -0.00043182153324030704 0.0035886649165178326 -0.008485623526214351 -3.1169212952390611e-06 -4.6984511646535011e-07 -0.17106480318247588 0.094250866182209639 0.0093475618857367035 0.00096998912771289537 -0.008485623526214351 0.020731141898727209 7.5031181416655916e-06 2.0282980138384246e-06 -0.0001547448753778336 0.0019921128649130772 0.00016700675323225216 3.7636805229794374e-07 -3.1169212952390611e-06 7.5031181416655916e-06 1.3652012799307026e-07 8.0922745737592804e-09 8.5861406694704155e-05 6.2877412078788926e-05 0.0009814146971119399 -5.653318215692258e-08 -4.6984511646535011e-07 2.0282980138384246e-06 8.0922745737592804e-09 7.088607045878443e-08</coeffs>
        </covariance>
        <meta>
          <property name="Exif/BodySerialNumber" value="198073017019"/>
          <property name="Exif/LensModel" value="EF-S18-55mm f/4-5.6 IS STM"/>
          <property name="Exif/LensSerialNumber" value="00000bce9d"/>
          <property name="Exif/Make" value="Canon"/>
          <property name="Exif/Model" value="Canon EOS 200D II"/>
        </meta>
      </sensor>
      <sensor id="11" label="Canon EOS 200D II, EF-S18-55mm f/4-5.6 IS STM (24mm)" type="frame">
        <resolution width="6000" height="4000"/>
        <property name="pixel_width" value="0.0037211000000000002"/>
        <property name="pixel_height" value="0.0037211000000000002"/>
        <property name="focal_length" value="24"/>
        <property name="layer_index" value="0"/>
        <bands>
          <band label="Red"/>
          <band label="Green"/>
          <band label="Blue"/>
        </bands>
        <data_type>uint8</data_type>
        <calibration type="frame" class="adjusted">
          <resolution width="6000" height="4000"/>
          <f>6263.0670714747184</f>
          <cx>-43.435071848630713</cx>
          <cy>-39.906504709353605</cy>
          <k1>-0.096637723579978643</k1>
          <k2>0.17304695677553197</k2>
          <k3>-0.0083802533393132154</k3>
          <p1>-0.0018727754451389094</p1>
          <p2>-0.0013235538409731374</p2>
        </calibration>
        <covariance>
          <params>f cx cy k1 k2 k3 p1 p2</params>
          <coeffs>15.863949052309373 -5.5094021194463592 -1.1652718986408066 -0.036791412173134599 0.25183196593519108 -0.50061781091708646 0.00010234998098748037 -2.2243445900464383e-05 -5.5094021194463592 73.149539101820267 4.0937541694561963 -0.00063703306109235661 -0.051177891158993502 0.15723529496642588 0.0034953807110910395 0.00053893353313863134 -1.1652718986408066 4.0937541694561963 50.08467684268097 0.00087799451066978022 -0.018909211581393966 0.055971138765966447 5.682217697491906e-05 0.0026302829383778579 -0.036791412173134599 -0.00063703306109235661 0.00087799451066978022 0.00013168411287604702 -0.00089197176213528151 0.0017944380255216948 -2.5439776364391385e-07 -2.3288161947936215e-07 0.25183196593519108 -0.051177891158993502 -0.018909211581393966 -0.00089197176213528151 0.0063242460536204184 -0.013081944458812476 -8.2182583466941493e-07 2.1836318856057649e-07 -0.50061781091708646 0.15723529496642588 0.055971138765966447 0.0017944380255216948 -0.013081944458812476 0.02765485753565293 4.3216709976615185e-06 1.2889601624917646e-06 0.00010234998098748037 0.0034953807110910395 5.682217697491906e-05 -2.5439776364391385e-07 -8.2182583466941493e-07 4.3216709976615185e-06 2.0810179455402266e-07 2.3720680429681002e-08 -2.2243445900464383e-05 0.00053893353313863134 0.0026302829383778579 -2.3288161947936215e-07 2.1836318856057649e-07 1.2889601624917646e-06 2.3720680429681002e-08 1.6327317167378905e-07</coeffs>
        </covariance>
        <meta>
          <property name="Exif/BodySerialNumber" value="218073015553"/>
          <property name="Exif/LensModel" value="EF-S18-55mm f/4-5.6 IS STM"/>
          <property name="Exif/LensSerialNumber" value="00000c94f4"/>
          <property name="Exif/Make" value="Canon"/>
          <property name="Exif/Model" value="Canon EOS 200D II"/>
        </meta>
      </sensor>
      <sensor id="12" label="Canon EOS 200D II, EF-S18-55mm f/4-5.6 IS STM (18mm)" type="frame">
        <resolution width="6000" height="4000"/>
        <property name="pixel_width" value="0.0037211000000000002"/>
        <property name="pixel_height" value="0.0037211000000000002"/>
        <property name="focal_length" value="18"/>
        <property name="layer_index" value="0"/>
        <bands>
          <band label="Red"/>
          <band label="Green"/>
          <band label="Blue"/>
        </bands>
        <data_type>uint8</data_type>
        <calibration type="frame" class="adjusted">
          <resolution width="6000" height="4000"/>
          <f>4908.5345420507747</f>
          <cx>-34.900289638122054</cx>
          <cy>42.663045888018019</cy>
          <k1>-0.18227060865163563</k1>
          <k2>0.18068131921216343</k2>
          <k3>-0.039757466459873492</k3>
          <p1>-0.0014334163829524177</p1>
          <p2>0.00058724371648289492</p2>
        </calibration>
        <covariance>
          <params>f cx cy k1 k2 k3 p1 p2</params>
          <coeffs>1.3431494983650685 -0.16014508260237822 0.12533709732881784 -0.00045539040979769449 0.0021558820738984542 -0.0024088181742050697 1.1800120324106905e-05 2.2717807661727976e-06 -0.16014508260237822 1.4271710364950396 -0.02446078419075064 -9.4196549784229296e-05 0.00012346601498465252 9.4488199814225625e-05 5.0841338904821629e-05 -2.2611466813823736e-06 0.12533709732881784 -0.02446078419075064 1.4582326313090659 -2.3609950713537396e-05 5.0669932268434148e-05 -3.0700349136273651e-05 3.560565961943872e-06 4.2132490895351633e-05 -0.00045539040979769449 -9.4196549784229296e-05 -2.3609950713537396e-05 1.4001132881821219e-06 -5.7359513767848019e-06 7.0919518034522612e-06 -5.6626216351951745e-09 -4.6497461935439196e-11 0.0021558820738984542 0.00012346601498465252 5.0669932268434148e-05 -5.7359513767848019e-06 2.507649510398667e-05 -3.2089475569953295e-05 9.3498344433516106e-09 1.3069796375511593e-09 -0.0024088181742050697 9.4488199814225625e-05 -3.0700349136273651e-05 7.0919518034522612e-06 -3.2089475569953295e-05 4.2343316314040808e-05 3.5341008319647907e-09 -1.8901779054401749e-09 1.1800120324106905e-05 5.0841338904821629e-05 3.560565961943872e-06 -5.6626216351951745e-09 9.3498344433516106e-09 3.5341008319647907e-09 3.4396954244423605e-09 6.4206137945007673e-11 2.2717807661727976e-06 -2.2611466813823736e-06 4.2132490895351633e-05 -4.6497461935439196e-11 1.3069796375511593e-09 -1.8901779054401749e-09 6.4206137945007673e-11 2.6342551130605864e-09</coeffs>
        </covariance>
        <meta>
          <property name="Exif/BodySerialNumber" value="198073016874"/>
          <property name="Exif/LensModel" value="EF-S18-55mm f/4-5.6 IS STM"/>
          <property name="Exif/LensSerialNumber" value="00000cbfe6"/>
          <property name="Exif/Make" value="Canon"/>
          <property name="Exif/Model" value="Canon EOS 200D II"/>
        </meta>
      </sensor>
      <sensor id="13" label="Canon EOS 200D II, EF-S18-55mm f/4-5.6 IS STM (26mm)" type="frame">
        <resolution width="6000" height="4000"/>
        <property name="pixel_width" value="0.0037211000000000002"/>
        <property name="pixel_height" value="0.0037211000000000002"/>
        <property name="focal_length" value="26"/>
        <property name="layer_index" value="0"/>
        <bands>
          <band label="Red"/>
          <band label="Green"/>
          <band label="Blue"/>
        </bands>
        <data_type>uint8</data_type>
        <calibration type="frame" class="adjusted">
          <resolution width="6000" height="4000"/>
          <f>6773.9725177246883</f>
          <cx>-133.11985618582705</cx>
          <cy>30.912664229437993</cy>
          <k1>-0.083787715153822509</k1>
          <k2>0.27592158258333604</k2>
          <k3>-0.071670206504251432</k3>
          <p1>-0.0038015830856471962</p1>
          <p2>0.00053286655081217821</p2>
        </calibration>
        <covariance>
          <params>f cx cy k1 k2 k3 p1 p2</params>
          <coeffs>4.8429272912422077 0.64024663227406309 0.99591052582508521 -0.011010360988298322 0.084010670239203639 -0.19268179325370841 0.0001399340156280192 3.7887667368794923e-05 0.64024663227406309 24.949996758673343 1.4194657758265379 -0.0042297525335888734 0.029732651773871296 -0.052356549021298542 0.0011912927801589657 0.00015028757661152039 0.99591052582508521 1.4194657758265379 15.646519733302743 -0.0020033001494892057 0.014061615768226152 -0.041602771649267761 0.00018031822363665 0.00068946494291098311 -0.011010360988298322 -0.0042297525335888734 -0.0020033001494892057 4.2635732420080417e-05 -0.00033791969608294844 0.00078509668274076008 -4.8588416440752536e-07 -1.0530189450151571e-07 0.084010670239203639 0.029732651773871296 0.014061615768226152 -0.00033791969608294844 0.0028051528048912782 -0.0067201981071970491 3.8025089389179169e-06 8.3810318333719119e-07 -0.19268179325370841 -0.052356549021298542 -0.041602771649267761 0.00078509668274076008 -0.0067201981071970491 0.016498289192113859 -8.5480871626369579e-06 -2.4366168128888337e-06 0.0001399340156280192 0.0011912927801589657 0.00018031822363665 -4.8588416440752536e-07 3.8025089389179169e-06 -8.5480871626369579e-06 6.9968553767138393e-08 1.039293011727659e-08 3.7887667368794923e-05 0.00015028757661152039 0.00068946494291098311 -1.0530189450151571e-07 8.3810318333719119e-07 -2.4366168128888337e-06 1.039293011727659e-08 4.528375429446416e-08</coeffs>
        </covariance>
        <meta>
          <property name="Exif/BodySerialNumber" value="198073016727"/>
          <property name="Exif/LensModel" value="EF-S18-55mm f/4-5.6 IS STM"/>
          <property name="Exif/LensSerialNumber" value="00000cc6d6"/>
          <property name="Exif/Make" value="Canon"/>
          <property name="Exif/Model" value="Canon EOS 200D II"/>
        </meta>
      </sensor>
      <sensor id="14" label="Canon EOS 200D II, EF-S18-55mm f/4-5.6 IS STM (26mm)" type="frame">
        <resolution width="6000" height="4000"/>
        <property name="pixel_width" value="0.0037211000000000002"/>
        <property name="pixel_height" value="0.0037211000000000002"/>
        <property name="focal_length" value="26"/>
        <property name="layer_index" value="0"/>
        <bands>
          <band label="Red"/>
          <band label="Green"/>
          <band label="Blue"/>
        </bands>
        <data_type>uint8</data_type>
        <calibration type="frame" class="adjusted">
          <resolution width="6000" height="4000"/>
          <f>6940.3697567656436</f>
          <cx>-16.342850823223397</cx>
          <cy>27.605753769852768</cy>
          <k1>-0.048099215563989765</k1>
          <k2>0.13903053858293599</k2>
          <k3>0.15212939830953937</k3>
          <p1>-6.4733613421933425e-05</p1>
          <p2>0.00019038674748356172</p2>
        </calibration>
        <covariance>
          <params>f cx cy k1 k2 k3 p1 p2</params>
          <coeffs>6.7617105936286785 -3.0967322764823582 1.0432443897765376 -0.015808224612270619 0.11365048915758925 -0.25084337830951653 -0.0002464128484428185 6.423934047121999e-05 -3.0967322764823582 30.572812759128052 2.2789804224137025 0.0085199051535776536 -0.06745826130473305 0.16603574325878376 0.0018123021312695406 0.00013901206736777855 1.0432443897765376 2.2789804224137025 15.928635419060708 -0.0011199816527996762 0.0035532810479203393 -0.0031696058347174538 0.00012286569025854428 0.00076418359946846227 -0.015808224612270619 0.0085199051535776536 -0.0011199816527996762 6.0922248263213817e-05 -0.00049292242746990953 0.001187781896245069 6.5051867569511625e-07 -8.9895543921718406e-08 0.11365048915758925 -0.06745826130473305 0.0035532810479203393 -0.00049292242746990953 0.0042153796215584488 -0.010569282957960459 -4.8487594363454309e-06 5.0016315330253492e-07 -0.25084337830951653 0.16603574325878376 -0.0031696058347174538 0.001187781896245069 -0.010569282957960459 0.027360802148585668 1.0932422923153793e-05 -1.1031856670089039e-06 -0.0002464128484428185 0.0018123021312695406 0.00012286569025854428 6.5051867569511625e-07 -4.8487594363454309e-06 1.0932422923153793e-05 1.1970163163680864e-07 8.3980126996488495e-09 6.423934047121999e-05 0.00013901206736777855 0.00076418359946846227 -8.9895543921718406e-08 5.0016315330253492e-07 -1.1031856670089039e-06 8.3980126996488495e-09 4.9352099622274382e-08</coeffs>
        </covariance>
        <meta>
          <property name="Exif/BodySerialNumber" value="198073016890"/>
          <property name="Exif/LensModel" value="EF-S18-55mm f/4-5.6 IS STM"/>
          <property name="Exif/LensSerialNumber" value="00000bd38b"/>
          <property name="Exif/Make" value="Canon"/>
          <property name="Exif/Model" value="Canon EOS 200D II"/>
        </meta>
      </sensor>
      <sensor id="15" label="Canon EOS 200D II, EF-S18-55mm f/4-5.6 IS STM (24mm)" type="frame">
        <resolution width="6000" height="4000"/>
        <property name="pixel_width" value="0.0037211000000000002"/>
        <property name="pixel_height" value="0.0037211000000000002"/>
        <property name="focal_length" value="24"/>
        <property name="layer_index" value="0"/>
        <bands>
          <band label="Red"/>
          <band label="Green"/>
          <band label="Blue"/>
        </bands>
        <data_type>uint8</data_type>
        <calibration type="frame" class="adjusted">
          <resolution width="6000" height="4000"/>
          <f>6361.0716490976083</f>
          <cx>-80.132068017688795</cx>
          <cy>27.859851075260231</cy>
          <k1>-0.099124785036216009</k1>
          <k2>0.24644997062564961</k2>
          <k3>-0.15393830220817517</k3>
          <p1>-0.0038005221382913772</p1>
          <p2>-0.00096848023417447091</p2>
        </calibration>
        <covariance>
          <params>f cx cy k1 k2 k3 p1 p2</params>
          <coeffs>6.9112201728434108 -0.57780290277478952 -0.07462236597542185 -0.016530404978522997 0.10534571844280365 -0.19960170821188553 7.6893746769924758e-05 4.016602140385061e-05 -0.57780290277478952 28.210188920700467 0.23819504929943 -0.00094639552807351292 -0.00090216338435238335 0.0059150275330577462 0.0016459695781513102 -6.4545369217877002e-05 -0.07462236597542185 0.23819504929943 21.164861153030671 -0.0009005775673609416 0.0095905787497699343 -0.028211248922126488 -4.0291012340350642e-05 0.001126326903009023 -0.016530404978522997 -0.00094639552807351292 -0.0009005775673609416 6.348323535223934e-05 -0.00040876416157229362 0.0007977894729344218 -5.0552180866874296e-08 -1.5900196660192551e-07 0.10534571844280365 -0.00090216338435238335 0.0095905787497699343 -0.00040876416157229362 0.002771422499387167 -0.0055946817358855276 -3.1813370663037043e-08 1.1620912012785726e-06 -0.19960170821188553 0.0059150275330577462 -0.028211248922126488 0.0007977894729344218 -0.0055946817358855276 0.011594561204786686 3.5642510325978352e-07 -2.4126029854737893e-06 7.6893746769924758e-05 0.0016459695781513102 -4.0291012340350642e-05 -5.0552180866874296e-08 -3.1813370663037043e-08 3.5642510325978352e-07 1.1075378905970219e-07 -5.4047943857712313e-09 4.016602140385061e-05 -6.4545369217877002e-05 0.001126326903009023 -1.5900196660192551e-07 1.1620912012785726e-06 -2.4126029854737893e-06 -5.4047943857712313e-09 7.1691188437999159e-08</coeffs>
        </covariance>
        <meta>
          <property name="Exif/BodySerialNumber" value="198073017020"/>
          <property name="Exif/LensModel" value="EF-S18-55mm f/4-5.6 IS STM"/>
          <property name="Exif/LensSerialNumber" value="00000bcefa"/>
          <property name="Exif/Make" value="Canon"/>
          <property name="Exif/Model" value="Canon EOS 200D II"/>
        </meta>
      </sensor>
      <sensor id="16" label="Canon EOS 200D II, EF-S18-55mm f/4-5.6 IS STM (18mm)" type="frame">
        <resolution width="6000" height="4000"/>
        <property name="pixel_width" value="0.0037211000000000002"/>
        <property name="pixel_height" value="0.0037211000000000002"/>
        <property name="focal_length" value="18"/>
        <property name="layer_index" value="0"/>
        <bands>
          <band label="Red"/>
          <band label="Green"/>
          <band label="Blue"/>
        </bands>
        <data_type>uint8</data_type>
        <calibration type="frame" class="adjusted">
          <resolution width="6000" height="4000"/>
          <f>4910.4483896235406</f>
          <cx>-10.372303361254804</cx>
          <cy>-27.329819977347139</cy>
          <k1>-0.17755812993175402</k1>
          <k2>0.16104532176028605</k2>
          <k3>-0.011020690478622277</k3>
          <p1>-0.0016122358971672158</p1>
          <p2>-0.00057444402110270716</p2>
        </calibration>
        <covariance>
          <params>f cx cy k1 k2 k3 p1 p2</params>
          <coeffs>1.474345204148795 -0.33581915707414933 0.074229059433212063 -0.00041691074975736876 0.0018041640740480006 -0.0017907009593275242 5.9217275313276065e-06 -2.4678257923186028e-06 -0.33581915707414933 1.4232729424330628 0.036714991393795388 -4.8443300042554818e-05 -3.8233798993341173e-05 0.00026348636071006133 4.2206733499487828e-05 8.8445680296739216e-07 0.074229059433212063 0.036714991393795388 1.1965956810859602 2.7330853502597493e-05 -0.00014598823629795909 0.00024387312871745117 3.3316810357531276e-06 3.7321783726867913e-05 -0.00041691074975736876 -4.8443300042554818e-05 2.7330853502597493e-05 1.0714824233689109e-06 -3.7839349229285905e-06 4.0790783337179016e-06 -6.7955453738340107e-09 3.4177114974285018e-10 0.0018041640740480006 -3.8233798993341173e-05 -0.00014598823629795909 -3.7839349229285905e-06 1.4399933231549088e-05 -1.607511231442353e-05 8.9838844134252679e-09 -3.158947524432168e-09 -0.0017907009593275242 0.00026348636071006133 0.00024387312871745117 4.0790783337179016e-06 -1.607511231442353e-05 1.852190928807528e-05 1.6250595763204572e-09 4.826241591488729e-09 5.9217275313276065e-06 4.2206733499487828e-05 3.3316810357531276e-06 -6.7955453738340107e-09 8.9838844134252679e-09 1.6250595763204572e-09 3.0250279635291734e-09 9.1650121244714405e-11 -2.4678257923186028e-06 8.8445680296739216e-07 3.7321783726867913e-05 3.4177114974285018e-10 -3.158947524432168e-09 4.826241591488729e-09 9.1650121244714405e-11 2.2335676710824965e-09</coeffs>
        </covariance>
        <meta>
          <property name="Exif/BodySerialNumber" value="218073015551"/>
          <property name="Exif/LensModel" value="EF-S18-55mm f/4-5.6 IS STM"/>
          <property name="Exif/LensSerialNumber" value="00000c96d6"/>
          <property name="Exif/Make" value="Canon"/>
          <property name="Exif/Model" value="Canon EOS 200D II"/>
        </meta>
      </sensor>
      <sensor id="17" label="Canon EOS 200D II, EF-S18-55mm f/4-5.6 IS STM (26mm)" type="frame">
        <resolution width="6000" height="4000"/>
        <property name="pixel_width" value="0.0037211000000000002"/>
        <property name="pixel_height" value="0.0037211000000000002"/>
        <property name="focal_length" value="26"/>
        <property name="layer_index" value="0"/>
        <bands>
          <band label="Red"/>
          <band label="Green"/>
          <band label="Blue"/>
        </bands>
        <data_type>uint8</data_type>
        <calibration type="frame" class="adjusted">
          <resolution width="6000" height="4000"/>
          <f>6876.2459441307556</f>
          <cx>-50.864268545626622</cx>
          <cy>-18.434176124353918</cy>
          <k1>-0.093341646759746044</k1>
          <k2>0.38191016788704379</k2>
          <k3>-0.3692862241463325</k3>
          <p1>-0.0021291123246321782</p1>
          <p2>-0.0011971301388012964</p2>
        </calibration>
        <covariance>
          <params>f cx cy k1 k2 k3 p1 p2</params>
          <coeffs>5.8473595125125435 -1.8809154555480923 0.19101848515181893 -0.011432311253938496 0.089705356282753973 -0.21020318424664455 2.8713529823768532e-05 -4.2545201755021354e-05 -1.8809154555480923 34.375762306331168 -0.49765591484177346 -0.00039492526626495205 0.0010010836330064058 0.015433276986426435 0.0015580952994292488 8.1139208802252903e-06 0.19101848515181893 -0.49765591484177346 13.187353545100507 0.00091817889692379746 -0.0071065991828253459 0.019857792031449124 2.2745365389752407e-05 0.00052476824410501474 -0.011432311253938496 -0.00039492526626495205 0.00091817889692379746 4.2999218528185943e-05 -0.00035534863467284663 0.00086592023939505635 -2.6962911110418322e-07 9.8046568033546951e-08 0.089705356282753973 0.0010010836330064058 -0.0071065991828253459 -0.00035534863467284663 0.0030860048008368229 -0.0077897326846673798 2.0716523222602399e-06 -4.8499651318460084e-07 -0.21020318424664455 0.015433276986426435 0.019857792031449124 0.00086592023939505635 -0.0077897326846673798 0.02027981083347211 -4.1276822553065887e-06 4.4855510906389596e-07 2.8713529823768532e-05 0.0015580952994292488 2.2745365389752407e-05 -2.6962911110418322e-07 2.0716523222602399e-06 -4.1276822553065887e-06 8.2155688678216704e-08 -2.4233617588087997e-10 -4.2545201755021354e-05 8.1139208802252903e-06 0.00052476824410501474 9.8046568033546951e-08 -4.8499651318460084e-07 4.4855510906389596e-07 -2.4233617588087997e-10 3.5234847711010929e-08</coeffs>
        </covariance>
        <meta>
          <property name="Exif/BodySerialNumber" value="198073016621"/>
          <property name="Exif/LensModel" value="EF-S18-55mm f/4-5.6 IS STM"/>
          <property name="Exif/LensSerialNumber" value="00000bce38"/>
          <property name="Exif/Make" value="Canon"/>
          <property name="Exif/Model" value="Canon EOS 200D II"/>
        </meta>
      </sensor>
      <sensor id="18" label="Canon EOS 200D II, EF-S18-55mm f/4-5.6 IS STM (26mm)" type="frame">
        <resolution width="6000" height="4000"/>
        <property name="pixel_width" value="0.0037211000000000002"/>
        <property name="pixel_height" value="0.0037211000000000002"/>
        <property name="focal_length" value="26"/>
        <property name="layer_index" value="0"/>
        <bands>
          <band label="Red"/>
          <band label="Green"/>
          <band label="Blue"/>
        </bands>
        <data_type>uint8</data_type>
        <calibration type="frame" class="adjusted">
          <resolution width="6000" height="4000"/>
          <f>6873.5224075228043</f>
          <cx>-67.613913326252131</cx>
          <cy>68.387217859998174</cy>
          <k1>-0.069235699759065406</k1>
          <k2>0.20108421450644479</k2>
          <k3>0.16105980392458191</k3>
          <p1>-0.002433619899728047</p1>
          <p2>0.0010546635602957885</p2>
        </calibration>
        <covariance>
          <params>f cx cy k1 k2 k3 p1 p2</params>
          <coeffs>5.5889089601871929 -1.7993670230786742 0.5575412166368009 -0.0086301852887279672 0.055037969890644078 -0.11379465512157069 -0.00010892391747650791 3.7064503897153578e-06 -1.7993670230786742 33.389877835444956 2.8929286735947124 0.0036182862386689774 -0.03234803567855897 0.086517673776203285 0.0018870977984573115 0.00014418207508596999 0.5575412166368009 2.8929286735947124 17.897217844571117 -0.00033513667694660471 0.0022405441253894715 -0.0042718936690217752 0.00013838107391828285 0.00094268780183360743 -0.0086301852887279672 0.0036182862386689774 -0.00033513667694660471 3.2972162672915037e-05 -0.00025788734792215809 0.00058959670674337006 1.3894194258869018e-07 6.6490130809181507e-09 0.055037969890644078 -0.03234803567855897 0.0022405441253894715 -0.00025788734792215809 0.0021923702209467469 -0.0052712443129642071 -1.1052572078476213e-06 7.183307865473071e-08 -0.11379465512157069 0.086517673776203285 -0.0042718936690217752 0.00058959670674337006 -0.0052712443129642071 0.013130821011049672 2.9080619113914306e-06 -4.7078306761407379e-07 -0.00010892391747650791 0.0018870977984573115 0.00013838107391828285 1.3894194258869018e-07 -1.1052572078476213e-06 2.9080619113914306e-06 1.1863117416537865e-07 6.3378157313425097e-09 3.7064503897153578e-06 0.00014418207508596999 0.00094268780183360743 6.6490130809181507e-09 7.183307865473071e-08 -4.7078306761407379e-07 6.3378157313425097e-09 6.4865586620144294e-08</coeffs>
        </covariance>
        <meta>
          <property name="Exif/BodySerialNumber" value="218073015555"/>
          <property name="Exif/LensModel" value="EF-S18-55mm f/4-5.6 IS STM"/>
          <property name="Exif/LensSerialNumber" value="00000c978d"/>
          <property name="Exif/Make" value="Canon"/>
          <property name="Exif/Model" value="Canon EOS 200D II"/>
        </meta>
      </sensor>
      <sensor id="19" label="Canon EOS 200D II, EF-S18-55mm f/4-5.6 IS STM (24mm)" type="frame">
        <resolution width="6000" height="4000"/>
        <property name="pixel_width" value="0.0037211000000000002"/>
        <property name="pixel_height" value="0.0037211000000000002"/>
        <property name="focal_length" value="24"/>
        <property name="layer_index" value="0"/>
        <bands>
          <band label="Red"/>
          <band label="Green"/>
          <band label="Blue"/>
        </bands>
        <data_type>uint8</data_type>
        <calibration type="frame" class="adjusted">
          <resolution width="6000" height="4000"/>
          <f>6458.4207038909026</f>
          <cx>-47.981644908725585</cx>
